[exit.jpg]
filters=PicnikTint=1,0.000000,ffcb94fb;
moddate=12fd7a517d25cf01
width=42
height=42
textactive=0
[backButton.jpg]
filters=unsharp2=1,0.600000;PicnikTint=1,0.000000,ff38005d;
moddate=c71a8ce38025cf01
width=288
height=240
textactive=0
[backb.jpg]
filters=PicnikTint=1,0.000000,ffcb94fb;
moddate=83edd0408c25cf01
width=48
height=52
textactive=0
